1 Ar
Step 0
4.996393e+00, 0.000000e+00, 0.000000e+00
1 Ar
Step 1000
4.744351e+00, 0.000000e+00, 0.000000e+00
1 Ar
Step 2000
4.114415e+00, 0.000000e+00, 0.000000e+00
1 Ar
Step 3000
3.156759e+00, 0.000000e+00, 0.000000e+00
1 Ar
Step 4000
1.947662e+00, 0.000000e+00, 0.000000e+00
1 Ar
Step 5000
5.834303e-01, 0.000000e+00, 0.000000e+00
1 Ar
Step 6000
-8.272721e-01, 0.000000e+00, 0.000000e+00
1 Ar
Step 7000
-2.172081e+00, 0.000000e+00, 0.000000e+00
1 Ar
Step 8000
-3.343880e+00, 0.000000e+00, 0.000000e+00
1 Ar
Step 9000
-4.249334e+00, 0.000000e+00, 0.000000e+00
1 Ar
Step 10000
-4.816322e+00, 0.000000e+00, 0.000000e+00
1 Ar
Step 11000
-4.999682e+00, 0.000000e+00, 0.000000e+00
1 Ar
Step 12000
-4.784810e+00, 0.000000e+00, 0.000000e+00
1 Ar
Step 13000
-4.188820e+00, 0.000000e+00, 0.000000e+00
1 Ar
Step 14000
-3.259184e+00, 0.000000e+00, 0.000000e+00
1 Ar
Step 15000
-2.069948e+00, 0.000000e+00, 0.000000e+00
1 Ar
Step 16000
-7.158386e-01, 0.000000e+00, 0.000000e+00
1 Ar
Step 17000
6.952889e-01, 0.000000e+00, 0.000000e+00
1 Ar
Step 18000
2.051036e+00, 0.000000e+00, 0.000000e+00
1 Ar
Step 19000
3.243414e+00, 0.000000e+00, 0.000000e+00
1 Ae
Step 20000
4.177449e+00, 0.000000e+00, 0.000000e+00
1 Ar
Step 21000
4.778744e+00, 0.000000e+00, 0.000000e+00
1 Ar 
Step 22000
4.999405e+00, 0.000000e+00, 0.000000e+00
1 Ar 
Step 23000
4.821855e+00, 0.000000e+00, 0.000000e+00
1 Ar 
Step 24000
4.260237e+00, 0.000000e+00, 0.000000e+00
1 Ar
Step 25000
3.359284e+00, 0.000000e+00, 0.000000e+00
1 Ar 
Step 26000
2.190759e+00, 0.000000e+00, 0.000000e+00
1 Ar 
Step 27000
8.477362e-01, 0.000000e+00, 0.000000e+00
1 Ar 
Step 28000
-5.628097e-01, 0.000000e+00, 0.000000e+00
1 Ar 
Step 29000
-1.928527e+00, 0.000000e+00, 0.000000e+00
1 Ar 
Step 30000
-3.140634e+00, 0.000000e+00, 0.000000e+00
1 Ar 
Step 31000
-4.102585e+00, 0.000000e+00, 0.000000e+00
1 Ar 
Step 32000
-4.737758e+00, 0.000000e+00, 0.000000e+00
1 Ar 
Step 33000
-4.995561e+00, 0.000000e+00, 0.000000e+00
1 Ar 
Step 34000
-4.855461e+00, 0.000000e+00, 0.000000e+00
1 Ar 
Step 35000
-4.328615e+00, 0.000000e+00, 0.000000e+00
1 Ar 
Step 36000
-3.456988e+00, 0.000000e+00, 0.000000e+00
1 Ar 
Step 37000
-2.310006e+00, 0.000000e+00, 0.000000e+00
1 Ar 
Step 38000
-9.790291e-01, 0.000000e+00, 0.000000e+00
1 Ar 
Step 39000
4.299291e-01, 0.000000e+00, 0.000000e+00
1 Ar 
Step 40000
1.804643e+00, 0.000000e+00, 0.000000e+00
1 Ar 
Step 41000
3.035614e+00, 0.000000e+00, 0.000000e+00
1 Ar 
Step 42000
4.024794e+00, 0.000000e+00, 0.000000e+00
1 Ar 
Step 43000
4.693392e+00, 0.000000e+00, 0.000000e+00
1 Ar 
Step 44000
4.988155e+00, 0.000000e+00, 0.000000e+00
1 Ar 
Step 45000
4.885603e+00, 0.000000e+00, 0.000000e+00
1 Ar 
Step 46000
4.393905e+00, 0.000000e+00, 0.000000e+00
1 Ar 
Step 47000
3.552226e+00, 0.000000e+00, 0.000000e+00
1 Ar 
Step 48000
2.427606e+00, 0.000000e+00, 0.000000e+00
1 Ar 
Step 49000
1.109624e+00, 0.000000e+00, 0.000000e+00
1 Ar 
Step 50000
-2.967418e-01, 0.000000e+00, 0.000000e+00
1 Ar 
Step 51000
-1.679471e+00, 0.000000e+00, 0.000000e+00
1 Ar
Step 52000
-2.928428e+00, 0.000000e+00, 0.000000e+00
1 Ar 
Step 53000
-3.944132e+00, 0.000000e+00, 0.000000e+00
1 Ar 
Step 54000
-4.645678e+00, 0.000000e+00, 0.000000e+00
1 Ar 
Step 55000
-4.977190e+00, 0.000000e+00, 0.000000e+00
1 Ar 
Step 56000
-4.912260e+00, 0.000000e+00, 0.000000e+00
1 Ar 
Step 57000
-4.456061e+00, 0.000000e+00, 0.000000e+00
1 Ar 
Step 58000
-3.644930e+00, 0.000000e+00, 0.000000e+00
1 Ar 
Step 59000
-2.543474e+00, 0.000000e+00, 0.000000e+00
1 Ar 
Step 60000
-1.239427e+00, 0.000000e+00, 0.000000e+00
1 Ar 
Step 61000
1.633429e-01, 0.000000e+00, 0.000000e+00
1 Ar 
Step 62000
1.553102e+00, 0.000000e+00, 0.000000e+00
1 Ar 
Step 63000
2.819154e+00, 0.000000e+00, 0.000000e+00
1 Ar 
Step 64000
3.860656e+00, 0.000000e+00, 0.000000e+00
1 Ar 
Step 65000
4.594651e+00, 0.000000e+00, 0.000000e+00
1 Ar 
Step 66000
4.962674e+00, 0.000000e+00, 0.000000e+00
1 Ar 
Step 67000
4.935413e+00, 0.000000e+00, 0.000000e+00
1 Ar 
Step 68000
4.515038e+00, 0.000000e+00, 0.000000e+00
1 Ar 
Step 69000
3.735034e+00, 0.000000e+00, 0.000000e+00
1 Ar 
Step 70000
2.657528e+00, 0.000000e+00, 0.000000e+00
1 Ar 
Step 71000
1.368346e+00, 0.000000e+00, 0.000000e+00
1 Ar 
Step 72000
-2.982740e-02, 0.000000e+00, 0.000000e+00
1 Ar 
Step 73000
-1.425625e+00, 0.000000e+00, 0.000000e+00
1 Ar 
Step 74000
-2.707869e+00, 0.000000e+00, 0.000000e+00
1 Ar 
Step 75000
-3.774427e+00, 0.000000e+00, 0.000000e+00
1 Ar 
Step 76000
-4.540346e+00, 0.000000e+00, 0.000000e+00
1 Ar 
Step 77000
-4.944619e+00, 0.000000e+00, 0.000000e+00
1 Ar 
Step 78000
-4.955046e+00, 0.000000e+00, 0.000000e+00
1 Ar 
Step 79000
-4.570795e+00, 0.000000e+00, 0.000000e+00
1 Ar 
Step 80000
-3.822474e+00, 0.000000e+00, 0.000000e+00
1 Ar 
Step 81000
-2.769686e+00, 0.000000e+00, 0.000000e+00
1 Ar 
Step 82000
-1.496289e+00, 0.000000e+00, 0.000000e+00
1 Ar 
Step 83000
-1.037094e-01, 0.000000e+00, 0.000000e+00
1 Ar 
Step 84000
1.297130e+00, 0.000000e+00, 0.000000e+00
1 Ar 
Step 85000
2.594652e+00, 0.000000e+00, 0.000000e+00
1 Ar 
Step 86000
3.685505e+00, 0.000000e+00, 0.000000e+00
1 Ar 
Step 87000
4.482802e+00, 0.000000e+00, 0.000000e+00
1 Ar 
Step 88000
4.923037e+00, 0.000000e+00, 0.000000e+00
1 Ar 
Step 89000
4.971144e+00, 0.000000e+00, 0.000000e+00
1 Ar 
Step 90000
4.623291e+00, 0.000000e+00, 0.000000e+00
1 Ar 
Step 91000
3.907187e+00, 0.000000e+00, 0.000000e+00
1 Ar 
Step 92000
2.879868e+00, 0.000000e+00, 0.000000e+00
1 Ar 
Step 93000
1.623164e+00, 0.000000e+00, 0.000000e+00
1 Ar 
Step 94000
2.371721e-01, 0.000000e+00, 0.000000e+00
1 Ar 
Step 95000
-1.167711e+00, 0.000000e+00, 0.000000e+00
1 Ar 
Step 96000
-2.479584e+00, 0.000000e+00, 0.000000e+00
1 Ar 
Step 97000
-3.593954e+00, 0.000000e+00, 0.000000e+00
1 Ar 
Step 98000
-4.422060e+00, 0.000000e+00, 0.000000e+00
1 Ar 
Step 99000
-4.897942e+00, 0.000000e+00, 0.000000e+00
